1 1
1 20
2 70
3 10
_
2 1
1 60
3 27
_
3 1
3 50
_
4 2
3 10
4 38
_
5 2
6 102
7 70
5 40
_
6 3
8 14
3 10
7 23
4 60
_
7 3
1 100
10 30
8 10
9 15
6 12
_
8 3
5 36
_
9 3
9 20
_
10 3
10 50
6 59
20 47
_
11 4
18 110
19 22
_
12 4
18 78
19 13
20 31
_
13 5
15 43
17 49
_
14 5
14 134
15 64
16 60
_
15 5
17 60
13 23
_
16 5
12 70
_
17 6
12 38
11 11
_
18 6
11 12
_
19 6
13 20
_
20 7
21 5
_
21 7
29 44
11 3
22 17
_
22 7
22 16
_
23 7
22 120
_
24 7
21 7
_
25 7
24 16
_
26 7
25 10
26 3
_
27 7
29 44
11 3
22 17
_
28 8
24 31
26 12
_
29 8
21 6
_
30 9
29 120
_
31 9
23 8
_
32 9
30 2
26 7
_
33 9
30 5
23 6
_
34 10
24 9
_
35 10
28 34
23 29
_
36 10
28 28
27 23
23 17
_
37 10
24 22
_
38 10
28 57
23 63
_
